34.413984 -119.848940  1
34.413354 -119.850739  2
34.413354 -119.860739  3
34.412464 -119.848368  4
34.412212 -119.847134  5
34.411583 -119.848250  1
34.410880 -119.845809  2
34.409636 -119.845117  3
34.409946 -119.843556  4
34.408251 -119.843899  5
34.414548 -119.847139  1
34.415854 -119.844441  2
34.415137 -119.841083  3
34.414438 -119.840396  4
34.413606 -119.841136  5
34.413615 -119.841367  1
34.413513 -119.841088  2
34.413725 -119.840788  3
34.413973 -119.843186  4
34.415243 -119.852487  5
34.415588 -119.852622  1
34.419014 -119.850562  2
34.419925 -119.854429  3
34.418814 -119.855631  4
34.417960 -119.856425  5
34.417283 -119.859703  1
34.416646 -119.863645  2
34.416212 -119.861403  3
34.416619 -119.859665  4
34.413747 -119.859000  5
34.411181 -119.859531  1
34.409755 -119.860094  2
34.410189 -119.859096  3
34.409844 -119.857321  4
34.408853 -119.857439  5
34.409176 -119.859751  1
34.410008 -119.862970  2
34.410295 -119.864509  3
34.409941 -119.866049  4
34.412393 -119.857348  5
34.412393 -119.858948  1
34.411734 -119.855744  2
34.409353 -119.858061  3
34.414522 -119.854295  4
34.413141 -119.850712  5
34.412468 -119.845927  1
34.410698 -119.843652  2
34.408220 -119.842880  3
34.405954 -119.844682  4
34.404130 -119.844339  5
34.402935 -119.847760  1